Carlier deep left eliminacja
+-----------+-------------------------------------------------------------------------------------------------------------------------------------------------------------------------------------------------+--------+-----------------------+
|  Carlier  |                                                                                            Permutacja                                                                                           |  Cmax  |     czas wykonania    |
+-----------+-------------------------------------------------------------------------------------------------------------------------------------------------------------------------------------------------+--------+-----------------------+
| data0.txt |                                                                                           [1, 3, 2, 4]                                                                                          | 228.0  | 0.0009989738464355469 |
| data1.txt | [1, 45, 30, 28, 18, 25, 10, 21, 6, 48, 5, 13, 31, 7, 2, 4, 49, 11, 19, 33, 46, 32, 50, 42, 34, 23, 47, 14, 22, 29, 43, 8, 9, 36, 40, 17, 38, 20, 16, 24, 37, 39, 3, 35, 12, 41, 27, 44, 15, 26] | 3026.0 |  0.013961315155029297 |
| data2.txt | [38, 1, 28, 6, 22, 10, 20, 35, 37, 11, 21, 49, 3, 29, 46, 17, 43, 18, 19, 13, 25, 5, 47, 27, 7, 32, 34, 14, 26, 16, 40, 44, 41, 33, 8, 50, 9, 45, 24, 39, 2, 42, 31, 12, 30, 23, 48, 4, 15, 36] | 3665.0 |   0.7539563179016113  |
| data3.txt | [6, 7, 8, 9, 11, 12, 13, 14, 15, 16, 17, 18, 19, 20, 21, 22, 23, 24, 25, 26, 27, 28, 50, 2, 3, 4, 33, 1, 5, 10, 29, 30, 31, 32, 34, 35, 36, 37, 38, 39, 40, 41, 42, 43, 44, 45, 46, 47, 48, 49] | 3309.0 |   0.4124281406402588  |
| data4.txt | [1, 34, 39, 15, 32, 26, 41, 5, 46, 37, 33, 17, 24, 27, 21, 20, 42, 43, 48, 13, 29, 36, 4, 6, 16, 50, 10, 25, 18, 2, 38, 19, 28, 35, 40, 9, 44, 11, 49, 3, 7, 30, 8, 47, 31, 12, 45, 23, 22, 14] | 3191.0 |  0.012967824935913086 |
| data5.txt | [1, 44, 25, 35, 28, 4, 30, 45, 43, 46, 10, 9, 2, 40, 16, 17, 3, 20, 8, 27, 38, 14, 6, 36, 7, 21, 48, 5, 37, 24, 26, 50, 41, 39, 23, 12, 22, 47, 34, 13, 18, 11, 49, 15, 19, 42, 32, 33, 31, 29] | 3618.0 |  0.015955448150634766 |
| data6.txt | [19, 36, 46, 4, 38, 39, 5, 6, 26, 3, 29, 8, 40, 15, 11, 9, 12, 13, 49, 2, 44, 28, 42, 47, 10, 30, 50, 23, 43, 27, 35, 17, 14, 37, 18, 16, 45, 41, 31, 32, 21, 7, 24, 33, 22, 25, 20, 1, 34, 48] | 3446.0 |   1.5130467414855957  |
| data7.txt | [48, 1, 41, 40, 28, 46, 44, 23, 34, 29, 10, 38, 49, 36, 15, 50, 16, 21, 2, 19, 35, 9, 8, 42, 25, 37, 7, 45, 12, 20, 18, 32, 26, 43, 13, 6, 5, 4, 31, 22, 24, 17, 14, 27, 39, 30, 47, 3, 33, 11] | 3821.0 |   1.9249773025512695  |
| data8.txt | [30, 49, 5, 29, 37, 14, 22, 8, 16, 4, 11, 25, 15, 19, 23, 18, 35, 39, 2, 28, 3, 26, 47, 27, 24, 42, 20, 12, 10, 41, 45, 34, 1, 36, 33, 50, 46, 43, 9, 32, 44, 13, 48, 7, 38, 6, 21, 40, 17, 31] | 3634.0 |   2.6212925910949707  |
+-----------+-------------------------------------------------------------------------------------------------------------------------------------------------------------------------------------------------+--------+-----------------------+
Carlier deep left bez eliminacji
+-----------+-------------------------------------------------------------------------------------------------------------------------------------------------------------------------------------------------+--------+----------------------+
|  Carlier  |                                                                                            Permutacja                                                                                           |  Cmax  |    czas wykonania    |
+-----------+-------------------------------------------------------------------------------------------------------------------------------------------------------------------------------------------------+--------+----------------------+
| data0.txt |                                                                                           [1, 3, 2, 4]                                                                                          | 228.0  |         0.0          |
| data1.txt | [1, 45, 30, 28, 18, 25, 10, 21, 6, 48, 5, 13, 31, 7, 2, 4, 49, 11, 19, 33, 46, 32, 50, 42, 34, 23, 47, 14, 22, 29, 43, 8, 9, 36, 40, 17, 38, 20, 16, 24, 37, 39, 3, 35, 12, 41, 27, 44, 15, 26] | 3026.0 | 0.017943382263183594 |
| data2.txt | [38, 1, 28, 6, 22, 10, 20, 35, 37, 11, 21, 49, 3, 29, 46, 17, 43, 18, 19, 13, 25, 5, 47, 27, 7, 32, 34, 14, 26, 16, 40, 44, 41, 33, 8, 50, 45, 9, 24, 39, 2, 42, 31, 12, 30, 23, 48, 4, 15, 36] | 3665.0 |  226.55688738822937  |
| data3.txt | [6, 7, 8, 9, 11, 12, 13, 14, 15, 16, 17, 18, 19, 20, 21, 22, 23, 24, 25, 26, 27, 28, 50, 2, 3, 4, 33, 1, 5, 10, 29, 30, 31, 32, 34, 35, 36, 37, 38, 39, 40, 41, 42, 43, 44, 45, 46, 47, 48, 49] | 3309.0 | 0.40391969680786133  |
| data4.txt | [1, 34, 39, 15, 32, 41, 26, 5, 46, 37, 33, 17, 24, 27, 21, 20, 42, 43, 48, 13, 29, 36, 4, 6, 16, 50, 10, 25, 18, 2, 38, 19, 28, 35, 40, 9, 44, 11, 49, 3, 7, 30, 8, 47, 31, 12, 45, 23, 22, 14] | 3191.0 | 0.011968135833740234 |
| data5.txt | [1, 44, 25, 35, 28, 4, 30, 45, 43, 46, 10, 9, 2, 40, 16, 17, 3, 20, 8, 27, 38, 14, 6, 36, 7, 21, 48, 5, 37, 24, 26, 34, 50, 41, 39, 23, 12, 22, 13, 47, 18, 11, 49, 15, 19, 42, 32, 33, 31, 29] | 3618.0 |  39.45242404937744   |
+-----------+-------------------------------------------------------------------------------------------------------------------------------------------------------------------------------------------------+--------+----------------------+
Carlier wide left eliminacja
+-----------+-------------------------------------------------------------------------------------------------------------------------------------------------------------------------------------------------+--------+---------------------+
|  Carlier  |                                                                                            Permutacja                                                                                           |  Cmax  |    czas wykonania   |
+-----------+-------------------------------------------------------------------------------------------------------------------------------------------------------------------------------------------------+--------+---------------------+
| data0.txt |                                                                                           [1, 3, 2, 4]                                                                                          | 228.0  |         0.0         |
| data1.txt | [1, 45, 30, 28, 18, 25, 10, 21, 6, 48, 5, 13, 31, 7, 2, 4, 49, 11, 33, 47, 46, 32, 23, 34, 50, 19, 29, 42, 14, 22, 43, 9, 8, 36, 3, 17, 38, 20, 16, 24, 40, 39, 37, 35, 12, 41, 27, 44, 15, 26] | 3026.0 | 0.19848203659057617 |
| data3.txt | [26, 27, 28, 29, 2, 3, 4, 5, 6, 7, 8, 9, 10, 11, 12, 13, 14, 15, 16, 17, 18, 19, 20, 21, 22, 23, 25, 1, 30, 31, 32, 33, 34, 35, 36, 37, 38, 39, 40, 41, 42, 43, 44, 45, 46, 47, 48, 49, 50, 24] | 3309.0 | 0.06482076644897461 |
| data4.txt | [1, 34, 39, 15, 32, 26, 41, 5, 46, 37, 33, 17, 24, 27, 21, 20, 42, 43, 48, 13, 29, 36, 4, 11, 16, 50, 10, 25, 18, 2, 28, 6, 19, 49, 40, 9, 44, 38, 3, 7, 30, 8, 47, 31, 35, 12, 45, 23, 22, 14] | 3191.0 | 0.01595163345336914 |
| data5.txt | [1, 44, 25, 35, 28, 4, 30, 45, 43, 46, 10, 9, 2, 40, 16, 17, 3, 20, 8, 27, 38, 14, 6, 36, 7, 21, 48, 11, 34, 5, 37, 26, 50, 41, 39, 23, 12, 22, 24, 13, 47, 18, 49, 15, 19, 42, 32, 33, 31, 29] | 3618.0 | 0.05086326599121094 |
| data7.txt | [48, 1, 41, 40, 28, 46, 44, 23, 34, 29, 10, 38, 49, 36, 15, 50, 16, 21, 2, 19, 35, 9, 8, 42, 25, 37, 7, 45, 12, 20, 18, 32, 26, 43, 13, 6, 5, 4, 27, 11, 14, 22, 24, 17, 31, 39, 30, 47, 3, 33] | 3821.0 | 0.48071312904357910 |
+-----------+-------------------------------------------------------------------------------------------------------------------------------------------------------------------------------------------------+--------+---------------------+
Carlier wide left
+-----------+-------------------------------------------------------------------------------------------------------------------------------------------------------------------------------------------------+--------+-------------------+
|  Carlier  |                                                                                            Permutacja                                                                                           |  Cmax  |   czas wykonania  |
+-----------+-------------------------------------------------------------------------------------------------------------------------------------------------------------------------------------------------+--------+-------------------+
| data0.txt |                                                                                           [1, 3, 2, 4]                                                                                          | 228.0  |        0.0        |
| data1.txt | [1, 45, 30, 28, 18, 25, 10, 21, 6, 48, 5, 13, 31, 7, 2, 4, 49, 11, 33, 47, 46, 32, 23, 34, 50, 19, 29, 42, 14, 22, 43, 9, 8, 36, 3, 17, 38, 20, 16, 24, 40, 39, 37, 35, 12, 41, 27, 44, 15, 26] | 3026.0 | 0.833259105682373 |
| data3.txt | [26, 27, 28, 29, 2, 3, 4, 5, 6, 7, 8, 9, 10, 11, 12, 13, 14, 15, 16, 17, 18, 19, 20, 21, 22, 23, 25, 1, 30, 31, 32, 33, 34, 35, 36, 37, 38, 39, 40, 41, 42, 43, 44, 45, 46, 47, 48, 49, 50, 24] | 3309.0 | 0.064826011657714 |
| data4.txt | [1, 34, 39, 15, 32, 41, 26, 5, 46, 37, 33, 17, 24, 27, 21, 20, 42, 43, 48, 13, 29, 36, 4, 11, 16, 50, 10, 25, 18, 2, 28, 6, 19, 49, 40, 9, 44, 38, 3, 7, 30, 8, 47, 31, 35, 12, 45, 23, 22, 14] | 3191.0 | 0.014961242675781 |
| data5.txt | [1, 44, 25, 35, 28, 4, 30, 45, 43, 46, 10, 9, 2, 40, 16, 17, 3, 20, 8, 27, 38, 14, 6, 36, 7, 21, 48, 11, 34, 5, 37, 26, 50, 41, 39, 23, 12, 22, 24, 13, 47, 18, 49, 15, 19, 42, 32, 33, 31, 29] | 3618.0 | 0.147570610046386 |
| data7.txt | [48, 1, 41, 40, 28, 46, 44, 23, 34, 29, 10, 38, 49, 36, 15, 50, 16, 21, 2, 19, 35, 9, 8, 42, 25, 37, 7, 45, 12, 20, 18, 32, 26, 43, 13, 6, 5, 4, 27, 11, 14, 22, 24, 17, 31, 39, 30, 47, 3, 33] | 3821.0 | 0.464263916015625 |
+-----------+-------------------------------------------------------------------------------------------------------------------------------------------------------------------------------------------------+--------+-------------------+
Autorski Carliero podobny algorytm
+-----------+-------------------------------------------------------------------------------------------------------------------------------------------------------------------------------------------------+--------+-----------------------+
|  Carlier  |                                                                                            Permutacja                                                                                           |  Cmax  |     czas wykonania    |
+-----------+-------------------------------------------------------------------------------------------------------------------------------------------------------------------------------------------------+--------+-----------------------+
| data0.txt |                                                                                           [1, 3, 2, 4]                                                                                          | 228.0  |          0.0          |
| data1.txt | [1, 45, 30, 28, 18, 25, 10, 21, 6, 48, 5, 13, 31, 7, 2, 4, 49, 11, 19, 33, 46, 32, 50, 42, 34, 23, 47, 14, 22, 29, 43, 8, 9, 36, 40, 17, 38, 20, 16, 24, 37, 39, 3, 35, 12, 41, 27, 44, 15, 26] | 3026.0 |  0.02689981460571289  |
| data2.txt | [38, 1, 28, 6, 22, 10, 20, 35, 37, 11, 21, 49, 3, 29, 46, 17, 43, 18, 19, 13, 25, 5, 47, 27, 7, 32, 34, 14, 26, 16, 40, 44, 41, 33, 8, 50, 45, 9, 24, 39, 2, 42, 31, 12, 30, 23, 48, 4, 15, 36] | 3665.0 |  0.015957117080688477 |
| data3.txt | [3, 4, 5, 6, 7, 8, 9, 10, 11, 12, 13, 14, 15, 16, 17, 18, 19, 20, 21, 22, 23, 24, 25, 26, 27, 33, 50, 1, 2, 28, 29, 30, 31, 32, 34, 35, 36, 37, 38, 39, 40, 41, 42, 43, 44, 45, 46, 47, 48, 49] | 3313.0 |  0.057845354080200195 |
| data4.txt | [1, 34, 39, 15, 32, 41, 26, 5, 46, 37, 33, 17, 24, 27, 21, 20, 42, 43, 48, 13, 29, 36, 4, 6, 16, 50, 10, 25, 18, 2, 38, 19, 28, 35, 40, 9, 44, 11, 49, 3, 7, 30, 8, 47, 31, 12, 45, 23, 22, 14] | 3191.0 |  0.01894998550415039  |
| data5.txt | [1, 44, 25, 35, 28, 4, 30, 45, 43, 46, 10, 9, 2, 40, 16, 17, 3, 20, 8, 27, 38, 14, 6, 36, 7, 21, 48, 5, 37, 24, 26, 47, 50, 41, 23, 12, 22, 13, 39, 34, 18, 11, 49, 15, 19, 42, 32, 33, 31, 29] | 3625.0 | 0.0009968280792236328 |
| data6.txt | [19, 36, 46, 4, 38, 39, 5, 6, 26, 3, 29, 8, 40, 15, 11, 9, 12, 13, 49, 2, 44, 28, 42, 47, 10, 30, 50, 23, 43, 27, 35, 17, 14, 37, 18, 16, 45, 41, 31, 32, 21, 7, 24, 33, 22, 25, 20, 1, 34, 48] | 3446.0 | 0.0019943714141845703 |
| data7.txt | [48, 1, 41, 40, 28, 46, 44, 23, 34, 29, 10, 38, 49, 36, 15, 50, 16, 21, 2, 19, 35, 9, 8, 42, 25, 37, 7, 45, 12, 20, 18, 32, 26, 43, 13, 6, 5, 4, 31, 22, 24, 17, 14, 27, 39, 30, 47, 3, 33, 11] | 3821.0 |  0.012993335723876953 |
| data8.txt | [30, 49, 5, 29, 37, 14, 22, 8, 16, 4, 11, 25, 15, 19, 23, 18, 35, 39, 2, 28, 3, 26, 47, 27, 24, 42, 20, 12, 10, 41, 45, 34, 1, 36, 33, 50, 46, 43, 9, 32, 44, 13, 48, 7, 38, 6, 21, 40, 17, 31] | 3634.0 |  0.010972261428833008 |
+-----------+-------------------------------------------------------------------------------------------------------------------------------------------------------------------------------------------------+--------+-----------------------+
Autorski Carliero podobny algorytm
+-----------+-------------------------------------------------------------------------------------------------------------------------------------------------------------------------------------------------+--------+-----------------------+
|  Carlier  |                                                                                            Permutacja                                                                                           |  Cmax  |     czas wykonania    |
+-----------+-------------------------------------------------------------------------------------------------------------------------------------------------------------------------------------------------+--------+-----------------------+
| data0.txt |                                                                                           [1, 3, 4, 2]                                                                                          | 283.0  | 0.0009975433349609375 |
| data1.txt | [1, 45, 30, 28, 18, 25, 10, 21, 6, 48, 5, 13, 31, 7, 2, 4, 37, 49, 8, 33, 46, 32, 34, 23, 43, 14, 22, 47, 50, 11, 9, 19, 29, 17, 38, 20, 42, 16, 24, 36, 40, 39, 3, 35, 12, 41, 27, 44, 15, 26] | 3035.0 |  0.012959003448486328 |
| data2.txt | [38, 1, 28, 6, 22, 10, 20, 35, 37, 11, 21, 49, 3, 29, 46, 17, 43, 18, 47, 19, 5, 13, 27, 39, 7, 32, 34, 14, 33, 16, 26, 41, 44, 9, 50, 8, 45, 40, 24, 2, 42, 31, 12, 30, 23, 25, 48, 4, 15, 36] | 3669.0 |  0.011967897415161133 |
| data3.txt | [4, 5, 6, 7, 8, 9, 10, 11, 12, 13, 14, 15, 16, 17, 18, 19, 20, 21, 22, 23, 24, 26, 27, 28, 29, 37, 45, 1, 2, 39, 46, 47, 48, 49, 50, 3, 25, 30, 31, 32, 33, 34, 35, 36, 38, 40, 41, 42, 43, 44] | 3309.0 |  0.29421329498291016  |
| data4.txt | [1, 34, 39, 15, 32, 41, 26, 5, 46, 37, 33, 17, 24, 27, 21, 20, 42, 43, 48, 13, 29, 36, 4, 6, 16, 50, 10, 25, 38, 18, 9, 19, 40, 44, 28, 2, 11, 49, 3, 7, 30, 8, 47, 31, 35, 12, 45, 23, 22, 14] | 3230.0 |  0.02393627166748047  |
| data5.txt | [1, 44, 25, 35, 28, 4, 30, 45, 43, 46, 10, 9, 2, 40, 16, 17, 3, 20, 8, 27, 38, 14, 6, 36, 7, 21, 48, 5, 37, 24, 26, 47, 50, 41, 23, 12, 22, 13, 39, 34, 18, 11, 49, 15, 19, 42, 32, 33, 31, 29] | 3625.0 |  0.002991914749145508 |
| data6.txt | [19, 36, 46, 4, 38, 39, 5, 6, 26, 3, 29, 8, 40, 15, 11, 9, 12, 13, 49, 2, 44, 28, 42, 47, 10, 30, 50, 23, 43, 27, 35, 17, 14, 37, 18, 16, 45, 41, 31, 32, 21, 7, 24, 33, 22, 25, 20, 1, 34, 48] | 3446.0 | 0.0009961128234863281 |
| data7.txt | [48, 1, 41, 40, 28, 46, 44, 23, 34, 29, 10, 32, 36, 38, 15, 50, 21, 16, 49, 5, 2, 19, 35, 18, 25, 37, 45, 42, 9, 8, 7, 26, 43, 6, 13, 12, 4, 31, 17, 22, 24, 14, 27, 20, 39, 30, 47, 3, 33, 11] | 3855.0 |  0.023936033248901367 |
| data8.txt | [30, 49, 5, 29, 37, 14, 22, 8, 16, 4, 11, 25, 15, 19, 23, 18, 35, 39, 2, 28, 3, 26, 47, 27, 24, 42, 20, 12, 10, 41, 45, 34, 32, 33, 50, 46, 43, 9, 44, 1, 13, 48, 7, 36, 38, 6, 21, 40, 17, 31] | 3645.0 | 0.0009927749633789062 |
+-----------+-------------------------------------------------------------------------------------------------------------------------------------------------------------------------------------------------+--------+-----------------------+

+-----------+-------------------------------------------------------------------------------------------------------------------------------------------------------------------------------------------------+--------+-----------------------+
|  Carlier  |                                                                                            Permutacja                                                                                           |  Cmax  |     czas wykonania    |
+-----------+-------------------------------------------------------------------------------------------------------------------------------------------------------------------------------------------------+--------+-----------------------+
| data0.txt |                                                                                           [1, 3, 4, 2]                                                                                          | 283.0  | 0.0009975433349609375 |
| data1.txt | [1, 45, 30, 28, 18, 25, 10, 21, 6, 48, 5, 13, 31, 7, 2, 4, 37, 49, 8, 33, 46, 32, 34, 23, 43, 14, 22, 47, 50, 11, 9, 19, 29, 17, 38, 20, 42, 16, 24, 36, 40, 39, 3, 35, 12, 41, 27, 44, 15, 26] | 3035.0 |  0.012959003448486328 |
| data2.txt | [38, 1, 28, 6, 22, 10, 20, 35, 37, 11, 21, 49, 3, 29, 46, 17, 43, 18, 47, 19, 5, 13, 27, 39, 7, 32, 34, 14, 33, 16, 26, 41, 44, 9, 50, 8, 45, 40, 24, 2, 42, 31, 12, 30, 23, 25, 48, 4, 15, 36] | 3669.0 |  0.011967897415161133 |
| data3.txt | [4, 5, 6, 7, 8, 9, 10, 11, 12, 13, 14, 15, 16, 17, 18, 19, 20, 21, 22, 23, 24, 26, 27, 28, 29, 37, 45, 1, 2, 39, 46, 47, 48, 49, 50, 3, 25, 30, 31, 32, 33, 34, 35, 36, 38, 40, 41, 42, 43, 44] | 3309.0 |  0.29421329498291016  |
| data4.txt | [1, 34, 39, 15, 32, 41, 26, 5, 46, 37, 33, 17, 24, 27, 21, 20, 42, 43, 48, 13, 29, 36, 4, 6, 16, 50, 10, 25, 38, 18, 9, 19, 40, 44, 28, 2, 11, 49, 3, 7, 30, 8, 47, 31, 35, 12, 45, 23, 22, 14] | 3230.0 |  0.02393627166748047  |
| data5.txt | [1, 44, 25, 35, 28, 4, 30, 45, 43, 46, 10, 9, 2, 40, 16, 17, 3, 20, 8, 27, 38, 14, 6, 36, 7, 21, 48, 5, 37, 24, 26, 47, 50, 41, 23, 12, 22, 13, 39, 34, 18, 11, 49, 15, 19, 42, 32, 33, 31, 29] | 3625.0 |  0.002991914749145508 |
| data6.txt | [19, 36, 46, 4, 38, 39, 5, 6, 26, 3, 29, 8, 40, 15, 11, 9, 12, 13, 49, 2, 44, 28, 42, 47, 10, 30, 50, 23, 43, 27, 35, 17, 14, 37, 18, 16, 45, 41, 31, 32, 21, 7, 24, 33, 22, 25, 20, 1, 34, 48] | 3446.0 | 0.0009961128234863281 |
| data7.txt | [48, 1, 41, 40, 28, 46, 44, 23, 34, 29, 10, 32, 36, 38, 15, 50, 21, 16, 49, 5, 2, 19, 35, 18, 25, 37, 45, 42, 9, 8, 7, 26, 43, 6, 13, 12, 4, 31, 17, 22, 24, 14, 27, 20, 39, 30, 47, 3, 33, 11] | 3855.0 |  0.023936033248901367 |
| data8.txt | [30, 49, 5, 29, 37, 14, 22, 8, 16, 4, 11, 25, 15, 19, 23, 18, 35, 39, 2, 28, 3, 26, 47, 27, 24, 42, 20, 12, 10, 41, 45, 34, 32, 33, 50, 46, 43, 9, 44, 1, 13, 48, 7, 36, 38, 6, 21, 40, 17, 31] | 3645.0 | 0.0009927749633789062 |
+-----------+-------------------------------------------------------------------------------------------------------------------------------------------------------------------------------------------------+--------+-----------------------+
Deepleft z eliminacja na wątkach
+-----------+------------------------------------------------------------------------------------------------------------------------------------------------------------------------------------------------+--------+-----------------------+
|  Carlier  |                                                                                           Permutacja                                                                                           |  Cmax  |     czas wykonania    |
+-----------+------------------------------------------------------------------------------------------------------------------------------------------------------------------------------------------------+--------+-----------------------+
| data0.txt |                                                                                          [0, 2, 1, 3]                                                                                          | 228.0  | 0.0019617080688476562 |
| data1.txt | [0, 44, 29, 27, 17, 24, 9, 20, 5, 47, 4, 12, 30, 6, 1, 3, 48, 10, 32, 46, 45, 31, 22, 33, 49, 18, 28, 41, 13, 21, 42, 8, 7, 35, 2, 16, 37, 19, 15, 23, 39, 38, 36, 34, 11, 40, 26, 43, 14, 25] | 3026.0 |   0.3988492488861084  |
| data3.txt | [5, 6, 7, 8, 10, 11, 12, 13, 14, 15, 16, 17, 18, 19, 20, 21, 22, 23, 24, 25, 26, 27, 49, 1, 2, 3, 32, 0, 4, 9, 28, 29, 30, 31, 33, 34, 35, 36, 37, 38, 39, 40, 41, 42, 43, 44, 45, 46, 47, 48] | 3309.0 |  0.9307501316070557   |
| data4.txt | [0, 33, 38, 14, 31, 25, 40, 4, 45, 36, 32, 16, 23, 26, 20, 19, 41, 42, 47, 12, 28, 35, 3, 5, 15, 49, 9, 24, 17, 1, 37, 18, 27, 34, 39, 8, 43, 10, 48, 2, 6, 29, 7, 46, 30, 11, 44, 22, 21, 13] | 3191.0 | 0.03706860542297363   |
| data5.txt | [0, 43, 24, 34, 27, 3, 29, 44, 42, 45, 9, 8, 1, 39, 15, 16, 2, 19, 7, 26, 37, 13, 5, 35, 6, 20, 47, 4, 36, 23, 25, 33, 49, 40, 38, 22, 11, 21, 12, 46, 17, 10, 48, 14, 18, 41, 31, 32, 30, 28] | 3618.0 | 0.03455996513366699   |
+-----------+------------------------------------------------------------------------------------------------------------------------------------------------------------------------------------------------+--------+-----------------------+


+------------------+-----------+------------------------+-----------+------------------------+------------+------------+-----------------------+
| wykonane zadanie | Deep left | Deep left z eliminacja | Wide left | Wide left z eliminacja | Autorska 1 | Autorska 2 |eliminajca na wątkach  |
+------------------+-----------+------------------------+-----------+------------------------+------------+------------+-----------------------+
|    data0.txt     | 0.0       |         0.0            | 0.0       |          0.0           |  0.0       |  0.0010    | 0.0019617080688476562 |
|    data1.txt     | 0.0180    |         0.0140         | 0.8333    |          0.1985        |  0.0269    |  0.0130    |   0.3988492488861084  |
|    data2.txt     | 226.5569  |         0.7540         |   -       |            -           |  0.0160    |  0.0120    |                       |
|    data3.txt     | 0.4040    |         0.4125         | 0.0649    |          0.0649        |  0.0579    |  0.2943    |  0.9307501316070557   |
|    data4.txt     | 0.0120    |         0.0130         | 0.0150    |          0.0160        |  0.0189    |  0.0240    | 0.03706860542297363   |
|    data5.txt     | 39.4525   |         0.0160         | 0.1476    |          0.0509        |  0.0010    |  0.0030    | 0.03455996513366699   |
|    data6.txt     |     -     |         1.5131         |    -      |           -            |  0.0020    |  0.0010    |                       |
|    data7.txt     |     -     |         1.9250         | 0.4643    |          0.4808        |  0.0130    |  0.0240    |                       |
|    data8.txt     |     -     |         2.6213         |    -      |           -            |  0.0110    |  0.0010    |                       |
+------------------+-----------+------------------------+-----------+------------------------+------------+------------+-----------------------+
