+-------------------+--------------------------------------------------------------------------------------------------------------------------------------------------------+--------+------------------------+
| Algorytm Johnsona |                                                                       Permutacja                                                                       |  Cmax  |     Czas wykonania     |
+-------------------+--------------------------------------------------------------------------------------------------------------------------------------------------------+--------+------------------------+
|         5         |                                                                    [4, 0, 1, 3, 2]                                                                     | 268.0  |  0.000186666000000002  |
|         6         |                                                                   [4, 3, 0, 1, 2, 5]                                                                   | 446.0  | 0.00019282000000000327 |
|         7         |                                                                 [0, 4, 5, 3, 6, 1, 2]                                                                  | 591.0  | 0.0001616409999999971  |
|         8         |                                                                [4, 2, 0, 3, 6, 1, 7, 5]                                                                | 536.0  | 0.0001805130000000002  |
|         9         |                                                              [8, 7, 1, 4, 5, 6, 2, 0, 3]                                                               | 690.0  | 0.00021702599999999517 |
|         10        |                                                             [9, 6, 3, 2, 0, 7, 8, 4, 1, 5]                                                             | 657.0  | 0.0001977439999999997  |
|         11        |                                                           [1, 5, 9, 10, 0, 7, 4, 6, 3, 2, 8]                                                           | 591.0  | 0.00024369200000000368 |
|         12        |                                                         [4, 1, 11, 0, 10, 2, 6, 9, 5, 8, 7, 3]                                                         | 763.0  | 0.00022482000000000057 |
|         13        |                                                       [7, 11, 1, 3, 5, 9, 8, 10, 2, 0, 12, 4, 6]                                                       | 638.0  | 0.0002728209999999995  |
|         14        |                                                     [0, 9, 13, 5, 6, 11, 7, 4, 10, 8, 3, 2, 1, 12]                                                     | 940.0  | 0.0002547700000000014  |
|         15        |                                                   [0, 9, 14, 5, 10, 1, 12, 4, 6, 8, 7, 13, 11, 3, 2]                                                   | 942.0  | 0.0003105639999999993  |
|         16        |                                                 [10, 11, 2, 0, 6, 15, 1, 7, 13, 9, 3, 12, 4, 8, 14, 5]                                                 | 1020.0 | 0.0002933329999999998  |
|         17        |                                               [4, 6, 12, 7, 5, 2, 16, 10, 0, 8, 14, 1, 11, 3, 13, 15, 9]                                               | 851.0  | 0.0003450260000000052  |
|         18        |                                             [11, 0, 2, 7, 12, 3, 6, 10, 15, 5, 13, 4, 14, 1, 17, 9, 8, 16]                                             | 1087.0 | 0.0003643080000000007  |
|         19        |                                           [0, 1, 4, 3, 2, 10, 15, 13, 17, 14, 7, 8, 6, 5, 18, 11, 16, 9, 12]                                           | 1058.0 | 0.0004155900000000004  |
|         20        |                                         [2, 13, 8, 16, 6, 1, 10, 14, 4, 12, 0, 9, 15, 18, 17, 19, 11, 5, 3, 7]                                         | 1163.0 | 0.00045497499999999635 |
|         21        |                                       [1, 12, 15, 6, 18, 16, 4, 17, 20, 0, 5, 11, 8, 9, 19, 10, 3, 2, 13, 7, 14]                                       | 1360.0 | 0.00042010299999999806 |
|         22        |                                     [8, 7, 2, 17, 18, 15, 13, 14, 20, 10, 5, 12, 19, 3, 11, 16, 0, 21, 4, 1, 9, 6]                                     | 1210.0 | 0.0004336409999999985  |
|         23        |                                   [18, 1, 21, 22, 3, 17, 19, 7, 14, 9, 16, 2, 10, 8, 11, 0, 13, 5, 15, 12, 20, 6, 4]                                   | 1370.0 |  0.000476718000000001  |
|         24        |                                 [13, 14, 0, 4, 18, 20, 1, 16, 15, 11, 9, 22, 21, 6, 19, 5, 12, 8, 10, 7, 23, 17, 2, 3]                                 | 1351.0 | 0.0005070770000000016  |
|         25        |                               [11, 10, 7, 19, 20, 5, 24, 8, 21, 18, 16, 6, 0, 3, 4, 23, 2, 14, 15, 22, 12, 13, 1, 17, 9]                               | 1501.0 | 0.0006051279999999964  |
|         26        |                             [20, 16, 19, 4, 10, 2, 0, 11, 9, 22, 21, 13, 18, 6, 15, 23, 17, 14, 1, 12, 7, 25, 5, 8, 24, 3]                             | 1580.0 | 0.0005776410000000037  |
|         27        |                           [24, 6, 21, 3, 15, 14, 11, 19, 18, 13, 17, 7, 23, 25, 0, 9, 26, 12, 16, 5, 2, 4, 22, 20, 10, 1, 8]                           | 1534.0 | 0.0005928210000000003  |
|         28        |                         [14, 27, 8, 10, 9, 19, 23, 13, 24, 20, 1, 3, 18, 17, 2, 4, 22, 0, 6, 5, 25, 15, 12, 26, 7, 11, 21, 16]                         | 1503.0 | 0.0006153839999999966  |
|         29        |                       [14, 27, 5, 17, 28, 0, 19, 25, 3, 20, 2, 15, 22, 9, 13, 4, 1, 6, 18, 12, 8, 21, 16, 10, 26, 7, 11, 23, 24]                       | 1985.0 | 0.0006802049999999962  |
|         30        |                     [8, 16, 7, 27, 4, 29, 5, 12, 28, 0, 21, 23, 26, 25, 9, 11, 22, 6, 14, 13, 3, 17, 24, 20, 15, 19, 18, 1, 2, 10]                     | 1857.0 |  0.000677744000000001  |
|         31        |                   [21, 30, 7, 28, 6, 24, 26, 3, 10, 12, 25, 15, 18, 19, 17, 27, 11, 4, 5, 16, 9, 22, 13, 0, 8, 2, 1, 23, 20, 29, 14]                   | 1815.0 | 0.0007048210000000013  |
|         32        |                 [26, 7, 25, 12, 31, 23, 20, 9, 8, 16, 30, 15, 24, 1, 18, 17, 3, 21, 22, 2, 14, 5, 0, 4, 6, 10, 28, 11, 19, 13, 29, 27]                 | 1819.0 | 0.0007716930000000038  |
|         33        |               [10, 9, 19, 16, 12, 7, 26, 27, 3, 2, 28, 1, 22, 5, 17, 25, 23, 24, 4, 21, 13, 8, 0, 6, 11, 30, 18, 29, 15, 14, 31, 20, 32]               | 1719.0 | 0.0008024620000000038  |
|         34        |             [16, 1, 30, 15, 26, 31, 8, 14, 19, 7, 32, 22, 17, 0, 11, 4, 5, 6, 2, 23, 18, 13, 28, 24, 10, 25, 21, 27, 3, 20, 29, 33, 12, 9]             | 1653.0 | 0.0008057439999999971  |
|         35        |           [23, 29, 12, 21, 18, 0, 25, 1, 7, 24, 31, 13, 5, 33, 15, 20, 28, 14, 26, 3, 4, 30, 17, 9, 19, 16, 11, 2, 22, 6, 27, 34, 8, 32, 10]           | 1809.0 |  0.000876718999999998  |
|         36        |         [0, 12, 1, 5, 25, 17, 26, 19, 28, 7, 13, 35, 29, 9, 6, 22, 15, 11, 33, 30, 8, 16, 10, 32, 23, 31, 4, 2, 24, 20, 27, 14, 3, 34, 18, 21]         | 2115.0 | 0.0009124110000000019  |
|         37        |       [6, 21, 20, 24, 0, 11, 9, 23, 13, 26, 15, 33, 8, 18, 35, 34, 16, 30, 25, 2, 1, 19, 27, 29, 14, 17, 36, 7, 32, 4, 31, 12, 10, 28, 5, 3, 22]       | 2018.0 |  0.000957129000000001  |
|         38        |     [1, 15, 20, 27, 16, 21, 24, 8, 22, 36, 7, 33, 5, 0, 35, 30, 2, 29, 32, 10, 13, 25, 18, 6, 17, 4, 26, 28, 12, 37, 19, 23, 34, 3, 11, 31, 14, 9]     | 2138.0 | 0.0009895390000000115  |
|         39        |   [20, 15, 10, 19, 12, 34, 8, 0, 36, 38, 3, 17, 28, 29, 33, 23, 7, 21, 14, 2, 11, 6, 16, 13, 35, 22, 26, 25, 27, 4, 9, 32, 5, 31, 24, 37, 1, 30, 18]   | 2257.0 | 0.0010264619999999919  |
|         40        | [36, 20, 2, 23, 17, 13, 14, 22, 12, 16, 3, 30, 33, 19, 7, 9, 28, 15, 1, 27, 31, 39, 18, 37, 32, 6, 24, 26, 25, 10, 38, 29, 8, 21, 4, 11, 34, 5, 0, 35] | 1949.0 |  0.001070358999999993  |
+-------------------+--------------------------------------------------------------------------------------------------------------------------------------------------------+--------+------------------------+


+-----+--------------------------------------------------------------------------------------------------------------------------------------------------------+--------+-----------------------+
| NEH |                                                                       Permutacja                                                                       |  Cmax  |    Czas wykonywania   |
+-----+--------------------------------------------------------------------------------------------------------------------------------------------------------+--------+-----------------------+
|  5  |                                                                    [4, 0, 2, 1, 3]                                                                     | 268.0  |          0.0          |
|  6  |                                                                   [4, 3, 0, 2, 1, 5]                                                                   | 446.0  |          0.0          |
|  7  |                                                                 [0, 4, 5, 3, 6, 1, 2]                                                                  | 591.0  |          0.0          |
|  8  |                                                                [2, 4, 3, 0, 1, 6, 7, 5]                                                                | 532.0  |          0.0          |
|  9  |                                                              [8, 0, 6, 7, 1, 4, 5, 2, 3]                                                               | 664.0  | 0.0004963874816894531 |
|  10 |                                                             [1, 9, 6, 3, 0, 4, 2, 7, 8, 5]                                                             | 657.0  | 0.0004961490631103516 |
|  11 |                                                           [1, 9, 10, 6, 3, 7, 5, 2, 4, 8, 0]                                                           | 515.0  | 0.0004954338073730469 |
|  12 |                                                         [4, 11, 1, 10, 8, 0, 2, 6, 9, 5, 3, 7]                                                         | 745.0  |  0.00049591064453125  |
|  13 |                                                       [0, 7, 11, 1, 3, 5, 9, 8, 4, 10, 2, 12, 6]                                                       | 638.0  | 0.0009920597076416016 |
|  14 |                                                     [4, 2, 0, 5, 9, 11, 10, 1, 6, 13, 7, 8, 3, 12]                                                     | 805.0  | 0.0014879703521728516 |
|  15 |                                                   [10, 0, 9, 13, 5, 11, 6, 1, 12, 4, 8, 7, 2, 14, 3]                                                   | 841.0  | 0.0009920597076416016 |
|  16 |                                                 [10, 5, 11, 2, 8, 0, 6, 12, 15, 1, 4, 3, 13, 7, 9, 14]                                                 | 1020.0 | 0.0014879703521728516 |
|  17 |                                               [4, 6, 7, 12, 1, 14, 11, 5, 2, 8, 16, 0, 10, 3, 13, 15, 9]                                               | 851.0  |  0.001984119415283203 |
|  18 |                                             [1, 9, 11, 0, 14, 2, 5, 7, 3, 12, 6, 10, 15, 13, 4, 17, 8, 16]                                             | 1087.0 |  0.002480030059814453 |
|  19 |                                           [0, 4, 16, 7, 1, 5, 11, 18, 2, 6, 3, 13, 10, 15, 17, 14, 8, 9, 12]                                           | 1058.0 |  0.002480030059814453 |
|  20 |                                         [2, 8, 13, 16, 6, 10, 1, 14, 4, 11, 9, 19, 0, 12, 5, 18, 15, 3, 17, 7]                                         | 1163.0 |  0.002975940704345703 |
|  21 |                                       [12, 15, 14, 8, 1, 18, 7, 16, 6, 9, 11, 10, 4, 13, 17, 5, 20, 0, 2, 3, 19]                                       | 1282.0 |  0.003471851348876953 |
|  22 |                                     [8, 7, 1, 2, 17, 6, 18, 21, 15, 10, 4, 19, 0, 13, 9, 20, 5, 14, 3, 12, 11, 16]                                     | 1210.0 |  0.003968000411987305 |
|  23 |                                   [1, 18, 20, 6, 21, 4, 13, 22, 3, 5, 17, 19, 8, 9, 0, 7, 14, 11, 16, 10, 2, 15, 12]                                   | 1340.0 |  0.00449061393737793  |
|  24 |                                 [13, 14, 4, 0, 3, 20, 1, 8, 6, 17, 5, 18, 16, 19, 15, 2, 7, 9, 23, 11, 22, 21, 10, 12]                                 | 1351.0 | 0.0054569244384765625 |
|  25 |                               [11, 13, 1, 24, 10, 20, 17, 5, 14, 19, 7, 8, 18, 3, 2, 16, 12, 22, 21, 0, 4, 6, 9, 23, 15]                               | 1367.0 |  0.005951642990112305 |
|  26 |                             [16, 3, 20, 19, 4, 24, 7, 5, 2, 10, 9, 0, 21, 14, 13, 18, 22, 23, 6, 15, 12, 17, 1, 11, 25, 8]                             | 1506.0 |  0.00642085075378418  |
|  27 |                           [24, 6, 3, 18, 15, 20, 21, 14, 13, 11, 26, 17, 19, 9, 16, 7, 23, 25, 12, 0, 5, 4, 2, 22, 10, 1, 8]                           | 1533.0 |  0.006944179534912109 |
|  28 |                         [27, 7, 26, 12, 15, 19, 6, 11, 8, 23, 5, 16, 14, 10, 22, 9, 3, 13, 20, 4, 24, 18, 1, 2, 17, 0, 25, 21]                         | 1449.0 |  0.007963180541992188 |
|  29 |                       [5, 24, 14, 23, 27, 10, 20, 17, 19, 16, 26, 12, 2, 25, 3, 7, 18, 0, 15, 6, 21, 22, 28, 9, 11, 13, 1, 4, 8]                       | 1866.0 |  0.009423494338989258 |
|  30 |                     [8, 16, 4, 2, 7, 5, 19, 10, 27, 1, 12, 18, 29, 28, 23, 0, 15, 9, 24, 21, 25, 17, 26, 11, 20, 22, 6, 13, 3, 14]                     | 1857.0 |  0.009925603866577148 |
|  31 |                   [15, 30, 29, 23, 21, 8, 7, 1, 12, 20, 3, 25, 2, 10, 6, 26, 5, 28, 24, 27, 19, 17, 9, 11, 22, 13, 0, 16, 18, 4, 14]                   | 1794.0 |  0.010919809341430664 |
|  32 |                 [26, 20, 7, 28, 9, 29, 31, 13, 25, 12, 2, 10, 8, 19, 16, 30, 23, 4, 15, 14, 24, 17, 18, 1, 21, 3, 0, 22, 6, 5, 11, 27]                 | 1819.0 |  0.011908531188964844 |
|  33 |               [10, 9, 14, 19, 32, 3, 2, 20, 16, 12, 22, 31, 7, 15, 26, 27, 23, 28, 24, 4, 30, 18, 1, 5, 17, 11, 25, 21, 13, 8, 0, 29, 6]               | 1719.0 |  0.012896537780761719 |
|  34 |             [1, 16, 33, 30, 21, 26, 27, 19, 12, 14, 32, 15, 11, 22, 7, 17, 29, 10, 24, 25, 0, 9, 23, 5, 31, 8, 4, 6, 18, 2, 28, 13, 20, 3]             | 1604.0 |  0.015830516815185547 |
|  35 |           [8, 0, 23, 25, 24, 2, 18, 21, 12, 1, 31, 11, 17, 22, 5, 13, 33, 19, 28, 4, 9, 20, 14, 16, 15, 26, 3, 30, 7, 6, 27, 34, 32, 29, 10]           | 1764.0 |  0.015393257141113281 |
|  36 |         [14, 4, 27, 0, 20, 10, 12, 1, 19, 30, 8, 25, 17, 7, 5, 28, 31, 23, 26, 29, 35, 9, 13, 22, 6, 2, 15, 11, 16, 33, 32, 24, 3, 34, 18, 21]         | 2115.0 |  0.016358613967895508 |
|  37 |       [3, 28, 6, 5, 24, 21, 0, 13, 36, 20, 14, 7, 31, 11, 9, 17, 15, 23, 26, 18, 33, 1, 8, 34, 25, 2, 16, 35, 30, 19, 27, 29, 32, 4, 12, 10, 22]       | 2018.0 |  0.017829418182373047 |
|  38 |     [12, 1, 15, 19, 23, 3, 17, 37, 22, 27, 11, 20, 21, 26, 16, 8, 25, 36, 6, 7, 29, 24, 5, 13, 33, 0, 35, 30, 32, 2, 18, 10, 4, 28, 34, 31, 14, 9]     | 2138.0 |  0.019377946853637695 |
|  39 |   [15, 20, 34, 3, 12, 19, 36, 10, 0, 37, 4, 17, 5, 25, 38, 27, 31, 8, 28, 13, 6, 35, 29, 26, 33, 11, 23, 7, 21, 14, 2, 22, 16, 9, 32, 24, 1, 30, 18]   | 2257.0 |  0.02281022071838379  |
|  40 | [36, 33, 4, 20, 29, 11, 8, 13, 2, 3, 34, 30, 23, 38, 17, 22, 14, 12, 21, 7, 24, 25, 16, 37, 19, 9, 15, 1, 18, 39, 27, 32, 31, 28, 6, 10, 26, 5, 0, 35] | 1924.0 |  0.022818326950073242 |
+-----+--------------------------------------------------------------------------------------------------------------------------------------------------------+--------+-----------------------+

+------+--------------------------------------------------------------------------------------------------------------------------------------------------------+--------+-----------------------+
| QNEH |                                                                       Permutacja                                                                       |  Cmax  |    Czas wykonywania   |
+------+--------------------------------------------------------------------------------------------------------------------------------------------------------+--------+-----------------------+
|  5   |                                                                    [4, 0, 2, 1, 3]                                                                     | 268.0  |          0.0          |
|  6   |                                                                   [4, 3, 0, 2, 1, 5]                                                                   | 446.0  |          0.0          |
|  7   |                                                                 [0, 4, 5, 3, 6, 1, 2]                                                                  | 591.0  | 0.0004963874816894531 |
|  8   |                                                                [2, 4, 3, 0, 1, 6, 7, 5]                                                                | 532.0  |  0.00049591064453125  |
|  9   |                                                              [8, 0, 6, 7, 1, 4, 5, 2, 3]                                                               | 664.0  | 0.0004961490631103516 |
|  10  |                                                             [1, 9, 6, 3, 0, 4, 2, 7, 8, 5]                                                             | 657.0  |  0.00049591064453125  |
|  11  |                                                           [1, 9, 10, 6, 3, 7, 5, 2, 4, 8, 0]                                                           | 515.0  | 0.0009915828704833984 |
|  12  |                                                         [4, 11, 1, 10, 8, 0, 2, 6, 9, 5, 3, 7]                                                         | 745.0  | 0.0004963874816894531 |
|  13  |                                                       [0, 7, 11, 1, 3, 5, 9, 8, 4, 10, 2, 12, 6]                                                       | 638.0  | 0.0009915828704833984 |
|  14  |                                                     [4, 2, 0, 5, 9, 11, 10, 1, 6, 13, 7, 8, 3, 12]                                                     | 805.0  | 0.0009920597076416016 |
|  15  |                                                   [10, 0, 9, 13, 5, 11, 6, 1, 12, 4, 8, 7, 2, 14, 3]                                                   | 841.0  | 0.0009920597076416016 |
|  16  |                                                 [10, 5, 11, 2, 8, 0, 6, 12, 15, 1, 4, 3, 13, 7, 9, 14]                                                 | 1020.0 | 0.0014879703521728516 |
|  17  |                                               [4, 6, 7, 12, 1, 14, 11, 5, 2, 8, 16, 0, 10, 3, 13, 15, 9]                                               | 851.0  | 0.0009920597076416016 |
|  18  |                                             [1, 9, 11, 0, 14, 2, 5, 7, 3, 12, 6, 10, 15, 13, 4, 17, 8, 16]                                             | 1087.0 |  0.00151824951171875  |
|  19  |                                           [0, 4, 16, 7, 1, 5, 11, 18, 2, 6, 3, 13, 10, 15, 17, 14, 8, 9, 12]                                           | 1058.0 |  0.001485586166381836 |
|  20  |                                         [2, 8, 13, 16, 6, 10, 1, 14, 4, 11, 9, 19, 0, 12, 5, 18, 15, 3, 17, 7]                                         | 1163.0 |  0.001514434814453125 |
|  21  |                                       [12, 15, 14, 8, 1, 18, 7, 16, 6, 9, 11, 10, 4, 13, 17, 5, 20, 0, 2, 3, 19]                                       | 1282.0 | 0.0019838809967041016 |
|  22  |                                     [8, 7, 1, 2, 17, 6, 18, 21, 15, 10, 4, 19, 0, 13, 9, 20, 5, 14, 3, 12, 11, 16]                                     | 1210.0 | 0.0020101070404052734 |
|  23  |                                   [1, 18, 20, 6, 21, 4, 13, 22, 3, 5, 17, 19, 8, 9, 0, 7, 14, 11, 16, 10, 2, 15, 12]                                   | 1340.0 |  0.002480030059814453 |
|  24  |                                 [13, 14, 4, 0, 3, 20, 1, 8, 6, 17, 5, 18, 16, 19, 15, 2, 7, 9, 23, 11, 22, 21, 10, 12]                                 | 1351.0 | 0.0024805068969726562 |
|  25  |                               [11, 13, 1, 24, 10, 20, 17, 5, 14, 19, 7, 8, 18, 3, 2, 16, 12, 22, 21, 0, 4, 6, 9, 23, 15]                               | 1367.0 | 0.0029485225677490234 |
|  26  |                             [16, 3, 20, 19, 4, 24, 7, 5, 2, 10, 9, 0, 21, 14, 13, 18, 22, 23, 6, 15, 12, 17, 1, 11, 25, 8]                             | 1506.0 | 0.0030031204223632812 |
|  27  |                           [24, 6, 3, 18, 15, 20, 21, 14, 13, 11, 26, 17, 19, 9, 16, 7, 23, 25, 12, 0, 5, 4, 2, 22, 10, 1, 8]                           | 1533.0 | 0.0029773712158203125 |
|  28  |                         [27, 7, 26, 12, 15, 19, 6, 11, 8, 23, 5, 16, 14, 10, 22, 9, 3, 13, 20, 4, 24, 18, 1, 2, 17, 0, 25, 21]                         | 1449.0 | 0.0029783248901367188 |
|  29  |                       [5, 24, 14, 23, 27, 10, 20, 17, 19, 16, 26, 12, 2, 25, 3, 7, 18, 0, 15, 6, 21, 22, 28, 9, 11, 13, 1, 4, 8]                       | 1866.0 |  0.003469228744506836 |
|  30  |                     [8, 16, 4, 2, 7, 5, 19, 10, 27, 1, 12, 18, 29, 28, 23, 0, 15, 9, 24, 21, 25, 17, 26, 11, 20, 22, 6, 13, 3, 14]                     | 1857.0 |  0.005926609039306641 |
|  31  |                   [15, 30, 29, 23, 21, 8, 7, 1, 12, 20, 3, 25, 2, 10, 6, 26, 5, 28, 24, 27, 19, 17, 9, 11, 22, 13, 0, 16, 18, 4, 14]                   | 1794.0 |  0.003959178924560547 |
|  32  |                 [26, 20, 7, 28, 9, 29, 31, 13, 25, 12, 2, 10, 8, 19, 16, 30, 23, 4, 15, 14, 24, 17, 18, 1, 21, 3, 0, 22, 6, 5, 11, 27]                 | 1819.0 |  0.00397038459777832  |
|  33  |               [10, 9, 14, 19, 32, 3, 2, 20, 16, 12, 22, 31, 7, 15, 26, 27, 23, 28, 24, 4, 30, 18, 1, 5, 17, 11, 25, 21, 13, 8, 0, 29, 6]               | 1719.0 |  0.003968715667724609 |
|  34  |             [1, 16, 33, 30, 21, 26, 27, 19, 12, 14, 32, 15, 11, 22, 7, 17, 29, 10, 24, 25, 0, 9, 23, 5, 31, 8, 4, 6, 18, 2, 28, 13, 20, 3]             | 1604.0 |  0.004441022872924805 |
|  35  |           [8, 0, 23, 25, 24, 2, 18, 21, 12, 1, 31, 11, 17, 22, 5, 13, 33, 19, 28, 4, 9, 20, 14, 16, 15, 26, 3, 30, 7, 6, 27, 34, 32, 29, 10]           | 1764.0 |  0.004465818405151367 |
|  36  |         [14, 4, 27, 0, 20, 10, 12, 1, 19, 30, 8, 25, 17, 7, 5, 28, 31, 23, 26, 29, 35, 9, 13, 22, 6, 2, 15, 11, 16, 33, 32, 24, 3, 34, 18, 21]         | 2115.0 |  0.004962444305419922 |
|  37  |       [3, 28, 6, 5, 24, 21, 0, 13, 36, 20, 14, 7, 31, 11, 9, 17, 15, 23, 26, 18, 33, 1, 8, 34, 25, 2, 16, 35, 30, 19, 27, 29, 32, 4, 12, 10, 22]       | 2018.0 | 0.0054531097412109375 |
|  38  |     [12, 1, 15, 19, 23, 3, 17, 37, 22, 27, 11, 20, 21, 26, 16, 8, 25, 36, 6, 7, 29, 24, 5, 13, 33, 0, 35, 30, 32, 2, 18, 10, 4, 28, 34, 31, 14, 9]     | 2138.0 |  0.005455493927001953 |
|  39  |   [15, 20, 34, 3, 12, 19, 36, 10, 0, 37, 4, 17, 5, 25, 38, 27, 31, 8, 28, 13, 6, 35, 29, 26, 33, 11, 23, 7, 21, 14, 2, 22, 16, 9, 32, 24, 1, 30, 18]   | 2257.0 |  0.005947589874267578 |
|  40  | [36, 33, 4, 20, 29, 11, 8, 13, 2, 3, 34, 30, 23, 38, 17, 22, 14, 12, 21, 7, 24, 25, 16, 37, 19, 9, 15, 1, 18, 39, 27, 32, 31, 28, 6, 10, 26, 5, 0, 35] | 1924.0 | 0.0059511661529541016 |
+------+--------------------------------------------------------------------------------------------------------------------------------------------------------+--------+-----------------------+

+------------+--------------------------------------------------------------------------------------------------------------------------------------------------------+--------+-----------------------+
| QNEH mod 3 |                                                                       Permutacja                                                                       |  Cmax  |    Czas wykonywania   |
+------------+--------------------------------------------------------------------------------------------------------------------------------------------------------+--------+-----------------------+
|     5      |                                                                    [4, 0, 2, 1, 3]                                                                     | 268.0  |          0.0          |
|     6      |                                                                   [4, 2, 0, 3, 1, 5]                                                                   | 446.0  |          0.0          |
|     7      |                                                                 [0, 4, 5, 1, 3, 6, 2]                                                                  | 591.0  |  0.00049591064453125  |
|     8      |                                                                [2, 4, 3, 0, 1, 6, 7, 5]                                                                | 532.0  | 0.0009922981262207031 |
|     9      |                                                              [8, 0, 4, 6, 7, 1, 5, 2, 3]                                                               | 664.0  | 0.0009999275207519531 |
|     10     |                                                             [1, 9, 0, 6, 3, 8, 2, 7, 4, 5]                                                             | 657.0  | 0.0009920597076416016 |
|     11     |                                                           [1, 9, 10, 6, 3, 5, 2, 7, 4, 8, 0]                                                           | 512.0  | 0.0009894371032714844 |
|     12     |                                                         [4, 11, 1, 10, 8, 0, 6, 2, 9, 5, 3, 7]                                                         | 745.0  | 0.0014872550964355469 |
|     13     |                                                       [0, 7, 1, 9, 11, 5, 3, 8, 4, 10, 2, 12, 6]                                                       | 638.0  | 0.0019838809967041016 |
|     14     |                                                     [5, 3, 2, 0, 11, 10, 9, 6, 13, 7, 8, 1, 4, 12]                                                     | 797.0  |  0.001984119415283203 |
|     15     |                                                   [14, 0, 2, 9, 10, 13, 5, 11, 12, 6, 1, 4, 7, 8, 3]                                                   | 848.0  |  0.002454042434692383 |
|     16     |                                                 [10, 11, 13, 5, 2, 8, 0, 6, 12, 15, 1, 4, 3, 7, 9, 14]                                                 | 1020.0 |  0.002506256103515625 |
|     17     |                                               [4, 6, 7, 12, 1, 14, 11, 5, 2, 16, 8, 0, 10, 3, 13, 15, 9]                                               | 851.0  | 0.0024805068969726562 |
|     18     |                                             [1, 9, 11, 10, 0, 14, 2, 5, 7, 3, 12, 6, 15, 13, 4, 17, 8, 16]                                             | 1087.0 | 0.0029816627502441406 |
|     19     |                                           [0, 4, 15, 16, 7, 1, 5, 11, 18, 2, 6, 3, 13, 17, 10, 14, 8, 9, 12]                                           | 1058.0 | 0.0034720897674560547 |
|     20     |                                         [2, 8, 13, 16, 17, 6, 10, 1, 14, 4, 11, 0, 9, 3, 19, 15, 7, 12, 18, 5]                                         | 1163.0 |  0.003473997116088867 |
|     21     |                                       [12, 15, 14, 8, 1, 18, 7, 16, 6, 9, 11, 10, 4, 20, 5, 13, 17, 0, 2, 3, 19]                                       | 1282.0 |  0.003968954086303711 |
|     22     |                                     [8, 7, 1, 2, 17, 6, 18, 11, 21, 15, 9, 10, 0, 19, 13, 4, 20, 14, 5, 3, 12, 16]                                     | 1210.0 |  0.004429817199707031 |
|     23     |                                   [1, 18, 20, 6, 21, 13, 22, 16, 5, 4, 3, 17, 19, 8, 7, 0, 9, 11, 14, 10, 2, 15, 12]                                   | 1340.0 |  0.004463911056518555 |
|     24     |                                 [13, 14, 4, 0, 3, 20, 22, 1, 7, 16, 18, 8, 6, 5, 15, 2, 19, 9, 17, 11, 23, 21, 10, 12]                                 | 1351.0 |  0.004957914352416992 |
|     25     |                               [11, 13, 1, 24, 10, 20, 17, 16, 5, 14, 19, 7, 8, 22, 3, 2, 21, 12, 18, 0, 4, 6, 9, 23, 15]                               | 1367.0 |  0.00594639778137207  |
|     26     |                             [16, 20, 19, 9, 10, 2, 4, 24, 7, 5, 11, 15, 14, 21, 0, 18, 6, 13, 22, 17, 23, 1, 12, 25, 8, 3]                             | 1487.0 |  0.005951881408691406 |
|     27     |                           [24, 6, 10, 3, 25, 18, 15, 21, 14, 13, 11, 26, 17, 19, 9, 16, 7, 23, 20, 12, 0, 5, 4, 22, 2, 1, 8]                           | 1533.0 |  0.006915569305419922 |
|     28     |                         [27, 7, 26, 12, 15, 19, 6, 11, 8, 23, 5, 16, 14, 10, 22, 9, 3, 13, 20, 4, 24, 18, 1, 2, 17, 0, 25, 21]                         | 1449.0 |  0.006447792053222656 |
|     29     |                       [5, 24, 14, 23, 27, 10, 20, 17, 19, 16, 26, 12, 2, 25, 3, 7, 18, 0, 15, 28, 6, 9, 21, 22, 11, 13, 1, 4, 8]                       | 1866.0 |  0.007475376129150391 |
|     30     |                     [8, 16, 4, 2, 7, 5, 13, 19, 10, 27, 1, 12, 18, 29, 28, 23, 0, 15, 9, 24, 21, 25, 17, 26, 11, 20, 22, 6, 14, 3]                     | 1857.0 |  0.007935523986816406 |
|     31     |                   [15, 30, 29, 23, 21, 8, 7, 1, 12, 20, 4, 18, 3, 25, 2, 10, 16, 6, 0, 26, 5, 28, 24, 17, 9, 27, 19, 13, 11, 22, 14]                   | 1794.0 |  0.008429527282714844 |
|     32     |                 [26, 20, 7, 28, 9, 29, 31, 3, 13, 25, 12, 2, 10, 8, 19, 16, 30, 23, 4, 15, 14, 24, 17, 1, 5, 18, 6, 21, 22, 0, 11, 27]                 | 1819.0 |  0.008927583694458008 |
|     33     |               [10, 9, 14, 19, 20, 3, 2, 16, 12, 13, 32, 22, 7, 26, 15, 31, 27, 23, 28, 24, 4, 30, 18, 1, 5, 17, 11, 25, 21, 8, 0, 29, 6]               | 1719.0 |  0.010411500930786133 |
|     34     |             [16, 1, 26, 21, 33, 30, 19, 27, 14, 32, 15, 11, 12, 8, 7, 9, 0, 31, 5, 29, 10, 23, 22, 17, 24, 25, 4, 6, 18, 2, 28, 13, 20, 3]             | 1579.0 |  0.011407852172851562 |
|     35     |           [7, 8, 23, 29, 14, 32, 25, 2, 18, 21, 12, 31, 1, 11, 17, 22, 16, 19, 5, 13, 33, 4, 28, 20, 9, 15, 26, 3, 30, 24, 6, 27, 34, 0, 10]           | 1763.0 |  0.010911941528320312 |
|     36     |         [9, 14, 4, 27, 0, 20, 10, 12, 17, 1, 2, 19, 30, 25, 7, 5, 28, 31, 23, 26, 29, 35, 13, 22, 6, 15, 8, 11, 16, 33, 32, 24, 3, 34, 18, 21]         | 2115.0 |  0.011380910873413086 |
|     37     |       [3, 28, 6, 5, 24, 35, 21, 0, 13, 36, 20, 14, 7, 31, 11, 9, 17, 15, 23, 26, 18, 33, 1, 8, 34, 25, 2, 16, 30, 19, 27, 29, 32, 4, 12, 10, 22]       | 2018.0 |  0.012432336807250977 |
|     38     |     [12, 1, 15, 35, 19, 23, 3, 37, 22, 27, 17, 11, 20, 21, 26, 16, 8, 25, 36, 6, 7, 29, 24, 5, 4, 13, 0, 33, 32, 30, 2, 10, 18, 28, 34, 31, 14, 9]     | 2138.0 |  0.012890338897705078 |
|     39     |   [15, 20, 34, 3, 12, 21, 19, 36, 10, 0, 37, 4, 17, 5, 25, 38, 27, 31, 8, 28, 13, 6, 35, 29, 26, 33, 11, 23, 7, 14, 2, 22, 16, 9, 32, 24, 1, 30, 18]   | 2257.0 |  0.01336526870727539  |
|     40     | [36, 33, 27, 4, 20, 29, 11, 8, 13, 2, 3, 34, 30, 23, 38, 17, 22, 14, 12, 21, 7, 24, 25, 16, 37, 19, 9, 1, 15, 18, 39, 32, 31, 28, 6, 10, 26, 5, 0, 35] | 1924.0 |  0.013420343399047852 |
+------------+--------------------------------------------------------------------------------------------------------------------------------------------------------+--------+-----------------------+


+------------+--------------------------------------------------------------------------------------------------------------------------------------------------------+--------+-----------------------+
| QNEH mod 1 |                                                                       Permutacja                                                                       |  Cmax  |    Czas wykonywania   |
+------------+--------------------------------------------------------------------------------------------------------------------------------------------------------+--------+-----------------------+
|     5      |                                                                    [4, 0, 2, 1, 3]                                                                     | 268.0  |          0.0          |
|     6      |                                                                   [0, 4, 2, 3, 1, 5]                                                                   | 446.0  |          0.0          |
|     7      |                                                                 [0, 4, 5, 3, 6, 1, 2]                                                                  | 591.0  |          0.0          |
|     8      |                                                                [2, 0, 4, 3, 1, 7, 6, 5]                                                                | 532.0  | 0.0004963874816894531 |
|     9      |                                                              [1, 8, 5, 0, 6, 7, 4, 2, 3]                                                               | 664.0  |  0.00049591064453125  |
|     10     |                                                             [1, 9, 6, 8, 3, 0, 2, 7, 4, 5]                                                             | 657.0  | 0.0009925365447998047 |
|     11     |                                                           [1, 9, 10, 6, 3, 7, 5, 2, 4, 8, 0]                                                           | 515.0  | 0.0014879703521728516 |
|     12     |                                                         [4, 11, 2, 8, 1, 0, 10, 6, 9, 5, 3, 7]                                                         | 745.0  |   0.0009918212890625  |
|     13     |                                                       [0, 7, 11, 1, 5, 8, 9, 4, 3, 10, 2, 12, 6]                                                       | 638.0  | 0.0009915828704833984 |
|     14     |                                                     [5, 3, 2, 0, 11, 10, 9, 6, 13, 7, 8, 1, 4, 12]                                                     | 797.0  | 0.0015146732330322266 |
|     15     |                                                   [10, 0, 4, 9, 1, 13, 11, 5, 12, 8, 7, 6, 3, 2, 14]                                                   | 880.0  | 0.0014879703521728516 |
|     16     |                                                 [10, 2, 5, 0, 11, 8, 6, 12, 3, 15, 1, 4, 13, 7, 9, 14]                                                 | 1020.0 |  0.002501964569091797 |
|     17     |                                               [4, 6, 7, 12, 5, 1, 14, 2, 16, 11, 10, 3, 0, 8, 13, 15, 9]                                               | 851.0  | 0.0019838809967041016 |
|     18     |                                             [12, 13, 1, 14, 9, 11, 7, 10, 0, 6, 2, 5, 3, 15, 4, 17, 8, 16]                                             | 1087.0 | 0.0024869441986083984 |
|     19     |                                           [14, 0, 2, 4, 17, 16, 6, 7, 15, 1, 3, 5, 10, 11, 13, 18, 8, 9, 12]                                           | 1058.0 | 0.0029768943786621094 |
|     20     |                                         [2, 10, 8, 6, 13, 1, 16, 14, 12, 11, 4, 5, 18, 9, 0, 3, 19, 15, 17, 7]                                         | 1163.0 | 0.0034711360931396484 |
|     21     |                                       [12, 15, 14, 18, 1, 8, 0, 7, 4, 11, 20, 10, 16, 5, 13, 6, 17, 9, 2, 3, 19]                                       | 1282.0 |  0.003440380096435547 |
|     22     |                                     [8, 7, 15, 20, 1, 2, 12, 6, 17, 5, 10, 0, 3, 13, 4, 9, 18, 14, 19, 21, 11, 16]                                     | 1210.0 | 0.0034716129302978516 |
|     23     |                                   [1, 18, 3, 20, 21, 13, 17, 22, 5, 6, 4, 19, 16, 14, 8, 9, 0, 7, 11, 10, 2, 15, 12]                                   | 1340.0 |  0.004463911056518555 |
|     24     |                                 [13, 0, 15, 23, 14, 17, 4, 20, 3, 18, 6, 8, 1, 5, 16, 19, 7, 22, 2, 9, 11, 21, 10, 12]                                 | 1351.0 |  0.00446772575378418  |
|     25     |                               [11, 19, 17, 13, 1, 24, 10, 5, 21, 14, 16, 20, 4, 8, 2, 3, 7, 0, 22, 18, 9, 6, 12, 23, 15]                               | 1367.0 |  0.004955768585205078 |
|     26     |                             [16, 3, 20, 19, 4, 24, 7, 18, 5, 2, 15, 9, 23, 12, 6, 11, 14, 21, 13, 1, 0, 10, 17, 22, 25, 8]                             | 1509.0 |  0.004950761795043945 |
|     27     |                           [24, 6, 26, 21, 5, 3, 15, 17, 25, 12, 14, 16, 13, 18, 0, 19, 11, 7, 20, 23, 9, 4, 2, 22, 10, 1, 8]                           | 1533.0 |  0.005488872528076172 |
|     28     |                         [27, 26, 7, 3, 18, 12, 15, 9, 19, 11, 10, 6, 16, 8, 23, 5, 14, 22, 4, 24, 13, 20, 1, 2, 17, 0, 25, 21]                         | 1449.0 |  0.005952119827270508 |
|     29     |                       [5, 24, 14, 23, 27, 10, 20, 17, 19, 16, 26, 12, 2, 25, 6, 7, 3, 9, 18, 22, 11, 0, 1, 4, 28, 13, 15, 21, 8]                       | 1866.0 |  0.006943464279174805 |
|     30     |                     [8, 16, 24, 10, 4, 29, 1, 7, 20, 28, 2, 23, 18, 5, 9, 27, 19, 0, 12, 25, 15, 21, 17, 26, 11, 13, 22, 6, 3, 14]                     | 1857.0 |  0.00743865966796875  |
|     31     |                   [15, 30, 29, 23, 21, 8, 7, 1, 6, 24, 27, 20, 4, 18, 17, 26, 3, 5, 25, 10, 13, 12, 2, 16, 28, 19, 11, 0, 9, 22, 14]                   | 1794.0 |  0.007934808731079102 |
|     32     |                 [26, 16, 20, 7, 28, 9, 30, 10, 29, 31, 13, 25, 6, 12, 8, 17, 22, 2, 19, 23, 4, 21, 15, 5, 1, 14, 24, 0, 18, 3, 11, 27]                 | 1819.0 |  0.00793600082397461  |
|     33     |               [10, 16, 9, 19, 3, 31, 12, 2, 21, 15, 26, 7, 5, 1, 6, 32, 27, 30, 23, 0, 14, 28, 4, 20, 24, 18, 8, 25, 11, 17, 13, 29, 22]               | 1719.0 |  0.008424997329711914 |
|     34     |             [16, 1, 19, 30, 31, 33, 5, 4, 14, 7, 22, 32, 21, 12, 26, 27, 15, 9, 10, 8, 17, 2, 11, 24, 18, 25, 0, 23, 6, 13, 20, 28, 29, 3]             | 1588.0 |  0.008439779281616211 |
|     35     |           [8, 23, 7, 29, 28, 6, 25, 2, 24, 15, 17, 18, 27, 21, 16, 12, 3, 22, 1, 31, 13, 0, 19, 30, 5, 33, 26, 4, 9, 20, 14, 11, 34, 32, 10]           | 1764.0 |  0.009886741638183594 |
|     36     |         [33, 10, 14, 5, 4, 22, 27, 0, 6, 20, 12, 1, 17, 23, 2, 8, 19, 30, 25, 7, 28, 11, 26, 29, 13, 15, 35, 16, 9, 31, 32, 24, 3, 34, 18, 21]         | 2115.0 |  0.009918689727783203 |
|     37     |       [3, 34, 2, 28, 6, 19, 5, 24, 21, 8, 0, 13, 27, 36, 31, 11, 14, 7, 20, 23, 32, 17, 15, 9, 4, 26, 25, 30, 18, 33, 29, 1, 35, 16, 12, 10, 22]       | 2018.0 |  0.010438203811645508 |
|     38     |     [19, 12, 27, 1, 23, 15, 34, 21, 32, 3, 7, 17, 11, 37, 20, 22, 25, 26, 16, 4, 8, 36, 5, 6, 29, 24, 13, 33, 0, 35, 30, 2, 18, 10, 28, 31, 14, 9]     | 2138.0 |  0.01041555404663086  |
|     39     |   [22, 15, 25, 20, 19, 34, 37, 3, 36, 12, 9, 35, 10, 5, 0, 13, 4, 28, 17, 38, 23, 27, 6, 31, 2, 8, 7, 29, 16, 26, 33, 21, 11, 14, 32, 24, 1, 30, 18]   | 2257.0 |  0.010911941528320312 |
|     40     | [36, 33, 29, 8, 16, 13, 11, 2, 3, 34, 30, 23, 17, 22, 20, 14, 7, 10, 26, 19, 12, 15, 25, 4, 37, 21, 24, 9, 39, 1, 18, 27, 5, 32, 31, 28, 6, 38, 0, 35] | 1924.0 |  0.011408329010009766 |
+------------+--------------------------------------------------------------------------------------------------------------------------------------------------------+--------+-----------------------+

+------------+--------------------------------------------------------------------------------------------------------------------------------------------------------+--------+-----------------------+
| QNEH mod 2 |                                                                       Permutacja                                                                       |  Cmax  |    Czas wykonywania   |
+------------+--------------------------------------------------------------------------------------------------------------------------------------------------------+--------+-----------------------+
|     5      |                                                                    [4, 0, 2, 1, 3]                                                                     | 268.0  |          0.0          |
|     6      |                                                                   [4, 2, 0, 1, 3, 5]                                                                   | 446.0  |          0.0          |
|     7      |                                                                 [0, 4, 5, 3, 6, 1, 2]                                                                  | 591.0  |          0.0          |
|     8      |                                                                [2, 0, 4, 3, 1, 7, 6, 5]                                                                | 532.0  | 0.0004961490631103516 |
|     9      |                                                              [8, 0, 6, 7, 5, 1, 4, 2, 3]                                                               | 664.0  |  0.00049591064453125  |
|     10     |                                                             [1, 8, 9, 6, 0, 2, 4, 3, 7, 5]                                                             | 657.0  |  0.00049591064453125  |
|     11     |                                                           [1, 9, 10, 6, 3, 5, 2, 7, 4, 8, 0]                                                           | 512.0  | 0.0004968643188476562 |
|     12     |                                                         [4, 11, 1, 10, 6, 8, 0, 2, 9, 5, 3, 7]                                                         | 745.0  | 0.0009915828704833984 |
|     13     |                                                       [0, 7, 11, 1, 3, 8, 5, 12, 9, 10, 4, 2, 6]                                                       | 638.0  | 0.0014624595642089844 |
|     14     |                                                     [5, 3, 0, 10, 2, 9, 6, 13, 11, 7, 8, 1, 4, 12]                                                     | 797.0  |  0.001482248306274414 |
|     15     |                                                   [0, 10, 12, 4, 9, 13, 7, 5, 11, 6, 1, 8, 2, 14, 3]                                                   | 874.0  | 0.0014879703521728516 |
|     16     |                                                 [10, 5, 11, 8, 0, 2, 6, 12, 3, 15, 1, 4, 13, 7, 9, 14]                                                 | 1020.0 |   0.001983642578125   |
|     17     |                                               [0, 4, 6, 7, 12, 5, 14, 2, 11, 10, 8, 16, 3, 1, 13, 15, 9]                                               | 851.0  |  0.001984119415283203 |
|     18     |                                             [1, 9, 11, 17, 0, 14, 4, 2, 5, 7, 3, 10, 12, 15, 6, 13, 8, 16]                                             | 1087.0 |  0.002481222152709961 |
|     19     |                                           [17, 0, 15, 4, 16, 7, 1, 5, 11, 18, 2, 6, 3, 10, 13, 14, 8, 9, 12]                                           | 1058.0 |  0.002977132797241211 |
|     20     |                                         [2, 1, 8, 6, 13, 10, 16, 14, 4, 11, 15, 5, 9, 19, 0, 18, 12, 3, 17, 7]                                         | 1163.0 | 0.0034699440002441406 |
|     21     |                                       [12, 15, 10, 4, 20, 8, 14, 5, 1, 18, 7, 17, 16, 13, 6, 9, 11, 0, 2, 3, 19]                                       | 1282.0 | 0.0034720897674560547 |
|     22     |                                     [8, 13, 7, 1, 2, 20, 12, 6, 17, 5, 3, 18, 21, 14, 15, 9, 19, 10, 4, 0, 11, 16]                                     | 1210.0 |  0.003471851348876953 |
|     23     |                                   [1, 18, 20, 21, 13, 22, 3, 5, 11, 17, 19, 6, 8, 7, 14, 0, 9, 4, 16, 10, 2, 15, 12]                                   | 1340.0 | 0.0034723281860351562 |
|     24     |                                 [13, 0, 23, 14, 4, 20, 8, 19, 6, 5, 18, 3, 16, 2, 15, 7, 22, 9, 1, 17, 11, 21, 10, 12]                                 | 1351.0 | 0.0039577484130859375 |
|     25     |                               [11, 20, 13, 17, 24, 10, 23, 14, 5, 22, 2, 19, 16, 7, 8, 12, 3, 0, 6, 21, 4, 18, 15, 9, 1]                               | 1363.0 |  0.004464864730834961 |
|     26     |                             [16, 3, 20, 19, 4, 18, 5, 12, 25, 2, 9, 7, 11, 6, 10, 14, 0, 21, 23, 13, 22, 17, 15, 1, 8, 24]                             | 1466.0 | 0.0049588680267333984 |
|     27     |                           [24, 6, 23, 15, 3, 18, 20, 21, 2, 14, 16, 13, 0, 11, 7, 26, 12, 17, 25, 5, 22, 19, 9, 4, 10, 1, 8]                           | 1533.0 |  0.007944583892822266 |
|     28     |                         [27, 7, 3, 9, 26, 24, 12, 14, 15, 19, 11, 6, 8, 23, 13, 20, 16, 5, 1, 10, 4, 22, 18, 2, 17, 0, 25, 21]                         | 1449.0 |  0.005949735641479492 |
|     29     |                       [5, 2, 24, 0, 27, 23, 4, 11, 14, 10, 7, 3, 25, 17, 20, 22, 19, 16, 28, 18, 26, 15, 12, 13, 21, 6, 1, 9, 8]                       | 1866.0 |  0.00641632080078125  |
|     30     |                     [8, 16, 24, 4, 2, 7, 5, 19, 10, 27, 20, 1, 12, 18, 29, 28, 23, 0, 25, 15, 9, 21, 17, 26, 11, 22, 6, 3, 13, 14]                     | 1857.0 |  0.006969451904296875 |
|     31     |                   [15, 30, 29, 23, 21, 8, 7, 0, 1, 12, 20, 4, 18, 3, 25, 2, 10, 16, 6, 26, 22, 5, 28, 13, 24, 11, 19, 27, 17, 9, 14]                   | 1794.0 | 0.0069446563720703125 |
|     32     |                 [26, 20, 7, 28, 9, 29, 31, 13, 25, 12, 2, 10, 8, 19, 16, 5, 6, 30, 4, 23, 14, 0, 15, 24, 1, 17, 22, 3, 18, 21, 11, 27]                 | 1819.0 | 0.0074384212493896484 |
|     33     |               [10, 9, 14, 19, 3, 2, 16, 12, 6, 28, 15, 7, 0, 26, 27, 31, 4, 32, 23, 21, 20, 22, 24, 30, 18, 1, 5, 17, 11, 8, 25, 13, 29]               | 1719.0 |  0.00793600082397461  |
|     34     |             [1, 9, 16, 31, 33, 30, 21, 26, 0, 12, 27, 19, 14, 32, 15, 7, 10, 8, 24, 17, 4, 25, 11, 22, 5, 18, 6, 23, 2, 13, 20, 28, 29, 3]             | 1599.0 |  0.008432388305664062 |
|     35     |           [8, 0, 29, 23, 24, 5, 25, 14, 27, 34, 2, 18, 21, 12, 1, 31, 11, 3, 17, 22, 33, 28, 4, 16, 19, 13, 20, 9, 15, 26, 30, 7, 6, 32, 10]           | 1764.0 |  0.009423971176147461 |
|     36     |         [14, 4, 27, 0, 10, 20, 24, 3, 12, 1, 7, 19, 2, 30, 8, 25, 17, 5, 6, 28, 11, 26, 23, 22, 33, 29, 13, 15, 35, 16, 9, 31, 32, 34, 18, 21]         | 2115.0 |  0.009423255920410156 |
|     37     |       [21, 3, 0, 28, 13, 6, 5, 24, 36, 27, 20, 14, 7, 31, 11, 34, 9, 17, 15, 23, 32, 26, 35, 29, 33, 30, 18, 16, 2, 1, 8, 19, 25, 4, 12, 10, 22]       | 2018.0 |  0.00991678237915039  |
|     38     |     [27, 12, 11, 1, 20, 15, 19, 23, 3, 17, 37, 22, 34, 21, 26, 16, 8, 4, 25, 31, 36, 5, 6, 7, 29, 13, 30, 2, 24, 33, 18, 0, 35, 32, 10, 28, 14, 9]     | 2138.0 |  0.01091766357421875  |
|     39     |   [16, 15, 26, 20, 33, 34, 21, 3, 9, 12, 19, 36, 1, 10, 0, 37, 4, 17, 5, 25, 38, 27, 31, 8, 28, 32, 13, 23, 6, 2, 24, 7, 35, 22, 29, 11, 14, 30, 18]   | 2257.0 |  0.011401891708374023 |
|     40     | [36, 33, 4, 20, 29, 8, 16, 13, 24, 2, 3, 34, 30, 23, 38, 17, 22, 14, 12, 21, 11, 7, 5, 25, 37, 19, 9, 1, 15, 18, 39, 27, 32, 31, 6, 28, 10, 26, 0, 35] | 1924.0 |  0.011381387710571289 |
+------------+--------------------------------------------------------------------------------------------------------------------------------------------------------+--------+-----------------------+




+-----+---------+-------------------+
| NEH |   Cmax  |  Czas wykonywania |
+-----+---------+-------------------+
|  -  | 26984.0 | 256.2818503379822 |
+-----+---------+-------------------+

+------+---------+-------------------+
| QNEH |   Cmax  |  Czas wykonywania |
+------+---------+-------------------+
|  -   | 26984.0 | 4.278497219085693 |
+------+---------+-------------------+

+------------+---------+------------------+
| QNEH mod 1 |   Cmax  | Czas wykonywania |
+------------+---------+------------------+
|     -      | 26941.0 | 8.55498480796814 |
+------------+---------+------------------+

+------------+---------+-------------------+
| QNEH mod 2 |   Cmax  |  Czas wykonywania |
+------------+---------+-------------------+
|     -      | 26965.0 | 8.819875001907349 |
+------------+---------+-------------------+


+------------+---------+--------------------+
| QNEH mod 3 |   Cmax  |  Czas wykonywania  |
+------------+---------+--------------------+
|     -      | 27036.0 | 10.476047039031982 |
+------------+---------+--------------------+