+-------------------+------------------------------------------------------------------------------------------------------------+--------+------------------------+
| Algorytm Johnsona |                                                 Permutacja                                                 |  Cmax  |     Czas wykonania     |
+-------------------+------------------------------------------------------------------------------------------------------------+--------+------------------------+
|         5         |                                              [2, 1, 3, 4, 0]                                               | 230.0  | 0.00024469999999999353 |
|         6         |                                             [5, 2, 0, 3, 1, 4]                                             | 507.0  | 0.00019550000000000123 |
|         7         |                                           [1, 6, 2, 4, 5, 0, 3]                                            | 531.0  | 0.00021219999999999573 |
|         8         |                                          [6, 0, 3, 1, 5, 7, 4, 2]                                          | 466.0  | 0.00021569999999999923 |
|         9         |                                        [0, 8, 7, 5, 3, 2, 1, 4, 6]                                         | 537.0  | 0.00022889999999999716 |
|         10        |                                       [8, 2, 5, 0, 6, 3, 7, 4, 9, 1]                                       | 593.0  | 0.00024570000000000147 |
|         11        |                                     [5, 10, 9, 3, 6, 0, 4, 2, 8, 1, 7]                                     | 700.0  | 0.00026589999999999947 |
|         12        |                                   [2, 9, 5, 6, 7, 3, 0, 1, 4, 8, 11, 10]                                   | 757.0  | 0.0002852000000000063  |
|         13        |                                 [9, 4, 5, 6, 12, 0, 3, 2, 10, 1, 11, 7, 8]                                 | 665.0  | 0.0003071000000000046  |
|         14        |                               [4, 11, 1, 13, 6, 5, 0, 7, 8, 10, 9, 3, 2, 12]                               | 823.0  | 0.0003372999999999987  |
|         15        |                             [7, 12, 13, 3, 8, 4, 0, 1, 6, 9, 2, 10, 11, 14, 5]                             | 870.0  | 0.00040919999999999845 |
|         16        |                           [13, 5, 7, 9, 11, 4, 12, 1, 2, 3, 15, 6, 0, 14, 10, 8]                           | 798.0  | 0.0003969999999999946  |
|         17        |                         [11, 9, 8, 6, 1, 10, 0, 4, 15, 7, 13, 5, 14, 16, 3, 2, 12]                         | 930.0  | 0.00043320000000000164 |
|         18        |                       [0, 3, 7, 9, 12, 15, 16, 11, 6, 2, 4, 1, 5, 14, 8, 17, 10, 13]                       | 1026.0 | 0.0004577999999999943  |
|         19        |                     [13, 5, 17, 7, 0, 2, 3, 14, 11, 9, 1, 10, 6, 12, 16, 15, 18, 8, 4]                     | 1174.0 | 0.0005543000000000006  |
|         20        |                   [4, 19, 12, 1, 15, 5, 9, 17, 6, 10, 18, 16, 3, 13, 8, 7, 2, 14, 11, 0]                   | 1186.0 | 0.0005558000000000021  |
|         21        |                 [3, 20, 12, 13, 1, 15, 7, 9, 6, 0, 8, 17, 2, 14, 19, 11, 18, 4, 5, 16, 10]                 | 1458.0 | 0.0005971000000000032  |
|         22        |               [13, 20, 21, 17, 6, 19, 1, 15, 18, 8, 10, 12, 3, 0, 14, 5, 2, 4, 9, 11, 7, 16]               | 1214.0 | 0.0006204999999999961  |
|         23        |             [13, 0, 4, 19, 16, 14, 6, 20, 12, 18, 2, 22, 3, 17, 21, 5, 10, 7, 1, 15, 8, 9, 11]             | 1295.0 | 0.0006431999999999966  |
|         24        |           [9, 11, 16, 3, 13, 20, 15, 4, 10, 2, 5, 23, 17, 6, 0, 19, 8, 7, 1, 18, 21, 14, 22, 12]           | 1193.0 | 0.0006502999999999995  |
|         25        |         [19, 1, 22, 7, 12, 18, 5, 10, 20, 2, 4, 24, 8, 9, 3, 21, 6, 11, 0, 15, 23, 17, 16, 13, 14]         | 1456.0 | 0.0006704999999999975  |
|         26        |       [2, 0, 9, 24, 18, 20, 16, 10, 17, 25, 13, 7, 12, 11, 6, 14, 21, 3, 22, 15, 23, 19, 8, 1, 5, 4]       | 1586.0 | 0.0006736999999999993  |
|         27        |     [9, 25, 18, 23, 16, 13, 22, 3, 20, 0, 24, 4, 2, 17, 7, 8, 5, 11, 12, 10, 1, 21, 6, 14, 15, 26, 19]     | 1572.0 | 0.0007068999999999964  |
|         28        |   [12, 27, 26, 18, 13, 10, 2, 17, 20, 4, 9, 16, 0, 19, 6, 1, 25, 3, 21, 5, 15, 8, 7, 11, 24, 23, 22, 14]   | 1671.0 | 0.0007691000000000017  |
|         29        | [3, 16, 17, 14, 5, 4, 28, 22, 10, 18, 26, 15, 11, 0, 20, 7, 24, 27, 12, 21, 8, 13, 23, 2, 19, 1, 25, 6, 9] | 1417.0 | 0.0008113999999999968  |
+-------------------+------------------------------------------------------------------------------------------------------------+--------+------------------------+

+-------------+--------------------------------+-----------------------+-------+
| Brute Force |           Permutacja           |     Czas wykonania    |  Cmax |
+-------------+--------------------------------+-----------------------+-------+
|      5      |        (2, 3, 0, 4, 1)         | 0.0011509999999999992 | 207.0 |
|      6      |       (2, 3, 0, 1, 4, 5)       |  0.006436200000000003 | 425.0 |
|      7      |     (1, 2, 6, 4, 5, 0, 3)      |       0.0508423       | 529.0 |
|      8      |    (6, 0, 1, 2, 3, 4, 5, 7)    |       0.4608908       | 466.0 |
|      9      |  (0, 8, 1, 3, 5, 7, 2, 4, 6)   |        4.497293       | 530.0 |
|      10     | (0, 2, 3, 5, 6, 4, 7, 8, 9, 1) |   49.356422499999994  | 593.0 |
+-------------+--------------------------------+-----------------------+-------+

+-----+------------------------------------------------------------------------------------------------------------+--------+------------------------+
| NEH |                                                 Permutacja                                                 |  Cmax  |    Czas wykonywania    |
+-----+------------------------------------------------------------------------------------------------------------+--------+------------------------+
|  5  |                                              [2, 3, 0, 4, 1]                                               | 207.0  | 0.0003464999999999996  |
|  6  |                                             [0, 3, 1, 4, 5, 2]                                             | 441.0  | 0.0003483000000000028  |
|  7  |                                           [1, 4, 6, 2, 5, 0, 3]                                            | 529.0  | 0.00041529999999999345 |
|  8  |                                          [6, 3, 0, 1, 2, 5, 7, 4]                                          | 466.0  | 0.00048269999999999563 |
|  9  |                                        [0, 8, 1, 3, 7, 6, 5, 4, 2]                                         | 530.0  | 0.0005763000000000018  |
|  10 |                                       [7, 2, 6, 5, 8, 0, 4, 3, 9, 1]                                       | 593.0  | 0.0007175999999999988  |
|  11 |                                     [10, 5, 4, 1, 9, 2, 7, 3, 0, 6, 8]                                     | 652.0  |  0.000880800000000001  |
|  12 |                                   [2, 5, 9, 7, 6, 3, 0, 8, 1, 4, 11, 10]                                   | 757.0  | 0.0011001999999999956  |
|  13 |                                 [9, 4, 6, 0, 5, 8, 12, 3, 2, 10, 1, 7, 11]                                 | 665.0  |       0.0013197        |
|  14 |                               [4, 1, 13, 3, 2, 11, 6, 12, 0, 5, 9, 7, 8, 10]                               | 802.0  | 0.0015613999999999975  |
|  15 |                             [7, 5, 12, 3, 8, 13, 4, 0, 1, 6, 9, 11, 10, 2, 14]                             | 870.0  | 0.0018659999999999996  |
|  16 |                           [13, 5, 7, 9, 6, 14, 4, 8, 11, 1, 12, 2, 3, 15, 0, 10]                           | 788.0  |       0.0022024        |
|  17 |                         [1, 2, 9, 11, 16, 8, 6, 10, 15, 0, 4, 13, 7, 14, 3, 5, 12]                         | 876.0  | 0.0026014000000000037  |
|  18 |                       [0, 7, 4, 10, 15, 3, 8, 9, 5, 16, 6, 11, 2, 1, 12, 14, 13, 17]                       | 999.0  | 0.0030303999999999956  |
|  19 |                     [13, 18, 17, 5, 7, 16, 6, 0, 2, 1, 3, 14, 9, 11, 10, 12, 15, 8, 4]                     | 1174.0 |  0.003567899999999999  |
|  20 |                   [9, 4, 1, 0, 12, 5, 6, 11, 19, 17, 10, 15, 8, 2, 16, 18, 13, 3, 7, 14]                   | 1140.0 |  0.004121799999999995  |
|  21 |                 [20, 3, 16, 12, 1, 13, 15, 7, 2, 18, 0, 17, 8, 11, 9, 6, 4, 19, 10, 14, 5]                 | 1281.0 |  0.004818200000000009  |
|  22 |               [13, 21, 6, 16, 17, 1, 20, 19, 7, 15, 8, 2, 18, 10, 9, 4, 3, 14, 0, 12, 11, 5]               | 1213.0 |  0.005460400000000004  |
|  23 |             [0, 15, 8, 13, 1, 3, 21, 5, 4, 14, 16, 19, 18, 2, 6, 20, 12, 22, 17, 10, 7, 9, 11]             | 1295.0 |  0.006616900000000009  |
|  24 |           [9, 11, 16, 3, 13, 20, 4, 15, 18, 2, 23, 14, 8, 17, 10, 1, 6, 19, 12, 5, 0, 7, 21, 22]           | 1177.0 |  0.008246800000000012  |
|  25 |         [19, 14, 1, 22, 13, 7, 16, 18, 5, 4, 12, 8, 20, 2, 3, 24, 15, 9, 10, 21, 11, 6, 0, 23, 17]         | 1456.0 |  0.007827899999999999  |
|  26 |       [2, 24, 5, 0, 9, 18, 20, 19, 8, 4, 10, 17, 16, 23, 7, 25, 13, 15, 12, 6, 11, 14, 22, 21, 3, 1]       | 1558.0 |       0.0087116        |
|  27 |     [9, 25, 4, 23, 19, 18, 24, 3, 2, 22, 26, 16, 13, 0, 20, 14, 11, 5, 8, 7, 12, 10, 1, 21, 17, 6, 15]     | 1503.0 |  0.009796399999999997  |
|  28 |   [12, 27, 26, 22, 13, 18, 8, 5, 7, 2, 1, 15, 10, 9, 20, 17, 19, 3, 4, 0, 16, 6, 25, 21, 11, 24, 23, 14]   | 1671.0 |       0.0106044        |
|  29 | [3, 17, 14, 23, 2, 4, 16, 28, 9, 5, 22, 10, 11, 0, 6, 15, 7, 18, 26, 24, 27, 20, 8, 21, 12, 13, 25, 19, 1] | 1421.0 |  0.012055900000000008  |
+-----+------------------------------------------------------------------------------------------------------------+--------+------------------------+